00000000000000000000000001001101
00000000000000000000000001010011
00000000000000000000000001000111
00000000000000000000000000100000
00000000000000000000000000111101
00000000000000000000000000110000
00000000000000000000000000110000
00000000000000000000000000110000
00000000000000000000000000110001
00000000000000000000000000110000
00000000000000000000000000110010
00000000000000000000000000100000
00000000000000000000000001001101
00000000000000000000000001000100
00000000000000000000000000100000
00000000000000000000000000111101
00000000000000000000000000110111
00000000000000000000000000110010
00000000000000000000000001000001
00000000000000000000000001000010
00000000000000000000000001000100
00000000000000000000000000110011
00000000000000000000000000110101
00000000000000000000000000110000
00000000000000000000000001000100
00000000000000000000000001000011
00000000000000000000000000110010
00000000000000000000000000111000
00000000000000000000000000110111
00000000000000000000000001000101
00000000000000000000000000111000
00000000000000000000000001000011
00000000000000000000000000110100
00000000000000000000000001000010
00000000000000000000000000111001
00000000000000000000000000110101
00000000000000000000000001000100
00000000000000000000000001000100
00000000000000000000000000110011
00000000000000000000000000110111
00000000000000000000000001000010
00000000000000000000000001000100
00000000000000000000000000110111
00000000000000000000000000111001
00000000000000000000000000110110
00000000000000000000000001000100
00000000000000000000000000110111
00000000000000000000000000111001
00000000000000000000000001000110
00000000000000000000000000111001
00000000000000000000000000110000
00000000000000000000000000110000
00000000000000000000000000110010
00000000000000000000000000110110
00000000000000000000000001000011
00000000000000000000000000110001
00000000000000000000000001000010
00000000000000000000000001000100
00000000000000000000000000110100
00000000000000000000000001000101
00000000000000000000000000110000
00000000000000000000000001000100
00000000000000000000000000111001
00000000000000000000000000111001
00000000000000000000000001000100
00000000000000000000000000110010
00000000000000000000000000110001
00000000000000000000000000110001
00000000000000000000000000110111
00000000000000000000000001000010
00000000000000000000000001000001
00000000000000000000000001000001
00000000000000000000000001000010
00000000000000000000000000110010
00000000000000000000000000110110
00000000000000000000000001000010
00000000000000000000000001000011
00000000000000000000000000110010
00000000000000000000000001000011
00000000000000000000000001000001
00000000000000000000000000100000
00000000000000000000000001000011
00000000000000000000000001010100
00000000000000000000000001010010
00000000000000000000000000100000
00000000000000000000000000111101
00000000000000000000000000110000
00000000000000000000000000110000
00000000000000000000000000110000
00000000000000000000000000110000
00000000000000000000000000110110
00000000000000000000000000110000
00000000000000000000000000110110
00000000000000000000000000110101
